A =

   1.0e-04 *

   -0.7381    0.0258         0         0         0
    0.0188   -0.7555    0.0188         0         0
         0    0.0188   -0.7555    0.0188         0
         0         0    0.0188   -0.7555    0.0188
         0         0         0    0.0159   -0.2436


B =

    0.0136         0         0         0         0
         0    0.2723         0         0         0
         0         0    0.2723         0    1.0000
         0         0         0    0.2723         0
         0         0         0         0    0.0069


D =

     1     0     0     0     0
     0     1     0     0     0
     0     0     1     0     0
     0     0     0     1     0
     0     0     0     0     1

Matriz de Controlabilidad
controlab =

  Columns 1 through 12

    0.0136         0         0         0         0   -0.0000    0.0000         0         0         0    0.0000   -0.0000
         0    0.2723         0         0         0    0.0000   -0.0000    0.0000         0    0.0000   -0.0000    0.0000
         0         0    0.2723         0    1.0000         0    0.0000   -0.0000    0.0000   -0.0001    0.0000   -0.0000
         0         0         0    0.2723         0         0         0    0.0000   -0.0000    0.0000         0    0.0000
         0         0         0         0    0.0069         0         0         0    0.0000   -0.0000         0         0

  Columns 13 through 24

    0.0000         0    0.0000   -0.0000    0.0000   -0.0000    0.0000   -0.0000    0.0000   -0.0000    0.0000   -0.0000
   -0.0000    0.0000   -0.0000    0.0000   -0.0000    0.0000   -0.0000    0.0000   -0.0000    0.0000   -0.0000    0.0000
    0.0000   -0.0000    0.0000   -0.0000    0.0000   -0.0000    0.0000   -0.0000    0.0000   -0.0000    0.0000   -0.0000
   -0.0000    0.0000   -0.0000    0.0000   -0.0000    0.0000   -0.0000    0.0000   -0.0000    0.0000   -0.0000    0.0000
    0.0000   -0.0000    0.0000         0    0.0000   -0.0000    0.0000   -0.0000    0.0000   -0.0000    0.0000   -0.0000

  Column 25

    0.0000
   -0.0000
    0.0000
   -0.0000
    0.0000


El rango es:
ans =

     5

diary off
