k =

   1.999926190000000   4.000001880000000                   0                   0                   0
  -3.999997420000000   1.999924450000000   0.000001880000000                   0                   0
                   0   0.000001880000000   0.999924450000000   5.000001880000000                   0
                   0                   0  -4.999998120000000   0.999924450000000   0.000001590000000
                   0                   0                   0   0.000001880000000   0.499975640000000
diary off