Pregunta_1
L1 =

     1     0     0
     0     1     0
     0     0     1


ans =

     3

Pregunta_2
L1 =

     0     1     0
     1     0     1
     0     0     1
    -1    -1    -3
    -1    -2    -3
     3     5     8


ans =

     3

diary off
