La secuencia u(k) que minimiza el indice de desempenho es
ans =

   -1.0166
    0.2198
    0.2506
    0.0924
    0.0103
   -0.0079
   -0.0053
   -0.0015
         0

diary off
