
A =

   1.0e-04 *

   -0.7381    0.0258         0         0         0
    0.0188   -0.7555    0.0188         0         0
         0    0.0188   -0.7555    0.0188         0
         0         0    0.0188   -0.7555    0.0188
         0         0         0    0.0159   -0.2436


B =

    0.0136         0         0         0         0
         0    0.2723         0         0         0
         0         0    0.2723         0    1.0000
         0         0         0    0.2723         0
         0         0         0         0    0.0069


D =

     1     0     0     0     0
     0     1     0     0     0
     0     0     1     0     0
     0     0     0     1     0
     0     0     0     0     1


caract =
 
[ z^5, (13*z^4)/2, 57*z^3, 171*z^2, 592*z, 260]
 

error =
 
[ k11 + z + 680777090040251/9223372036854775808,   k12 - 3045926381450921/1180591620717411303424,                                             k13,                                             k14,                                              k15]
[ k21 - 2219512246948733/1180591620717411303424, k22 + z + 2787303029537513/36893488147419103232,   k23 - 2219512246948733/1180591620717411303424,                                             k24,                                              k25]
[                                           k31,   k32 - 2219512246948733/1180591620717411303424, k33 + z + 2787303029537513/36893488147419103232,   k34 - 2219512246948733/1180591620717411303424,                                              k35]
[                                           k41,                                             k42,   k43 - 2219512246948733/1180591620717411303424, k44 + z + 2787303029537513/36893488147419103232,    k45 - 2219512246948733/1180591620717411303424]
[                                           k51,                                             k52,                                             k53,     k54 - 469285169235171/295147905179352825856, k55 + z + 3594901485084517/147573952589676412928]
 
diary off
